ß‹C(’è‹C),”N,ŒŽ,“ú,Žž,•ª,•b
¬Š¦,2015,1,6,1,20,32
“~“y—p“ü,2015,1,17,20,1,38
‘åŠ¦,2015,1,20,18,43,14
—§t,2015,2,4,12,58,26
‰J…,2015,2,19,8,49,48
Œ[å­,2015,3,6,6,55,39
t•ª,2015,3,21,7,45,7
´–¾,2015,4,5,11,39,7
t“y—p“ü,2015,4,17,17,3,37
’‰J,2015,4,20,18,41,50
—§‰Ä,2015,5,6,4,52,34
¬–ž,2015,5,21,17,44,46
äŠŽí,2015,6,6,8,58,10
‰ÄŽŠ,2015,6,22,1,37,54
¬‹,2015,7,7,19,12,14
‰Ä“y—p“ü,2015,7,20,9,5,27
‘å‹,2015,7,23,12,30,26
—§H,2015,8,8,5,1,22
ˆ‹,2015,8,23,19,37,16
”’˜I,2015,9,8,7,59,32
H•ª,2015,9,23,17,20,32
Š¦˜I,2015,10,8,23,42,48
H“y—p“ü,2015,10,21,2,23,27
‘š~,2015,10,24,2,46,43
—§“~,2015,11,8,2,58,37
¬á,2015,11,23,0,25,17
‘åá,2015,12,7,19,53,21
“~ŽŠ,2015,12,22,13,47,56
